# MgH 9-state potentials; 19-06-2013
0	4.1598378	4.2427256	4.7612583	4.948608	5.1313495	5.1317535	5.1378590999	5.1522328	5.1577330002
0.1	3.7935604	3.8803549	4.3471761	4.5161964	4.6803892	4.6807932	4.6868987999	4.7012725	4.7067727002
0.2	3.4448054	3.5353997	3.9532132	4.105024	4.2517679	4.2521719	4.2582774999	4.2726512	4.2781514002
0.3	3.1135728	3.2078601	3.5793694	3.7150906	3.8454856	3.8458896	3.8519951999	3.8663689	3.8718691002
0.4	2.7998625	2.8977359	3.2256447	3.3463964	3.4615423	3.4619463	3.4680518999	3.4824256	3.4879258002
0.5	2.5036746	2.6050273	2.8920393	2.9989412	3.099938	3.100342	3.1064475999	3.1208213	3.1263215002
0.6	2.2250091	2.3297343	2.5785531	2.6727252	2.7606728	2.7610768	2.7671823999	2.7815561	2.7870563002
0.7	1.9638659	2.0718568	2.285186	2.3677483	2.4437465	2.4441505	2.4502560999	2.4646298	2.4701300002
0.8	1.7202451	1.8313948	2.0119382	2.0840104	2.1491592	2.1495632	2.1556687999	2.1700425	2.1755427002
0.9	1.4941467	1.6083483	1.7588095	1.8215117	1.8769109	1.8773149	1.8834204999	1.8977942	1.9032944002
1	1.2855707	1.4027174	1.5258	1.580252	1.6270017	1.6274057	1.6335112999	1.647885	1.6533852002
1.1	1.0945171	1.214502	1.3129097	1.3602315	1.3994314	1.3998354	1.4059409999	1.4203147	1.4258149002
1.2	0.92098578	1.0437022	1.1201386	1.1614501	1.1942001	1.1946041	1.2007096999	1.2150834	1.2205836002
1.3	0.76497687	0.89031788	0.94748664	0.98390772	1.0113079	1.0117119	1.0178174999	1.0321912	1.0376914002
1.4	0.62649034	0.75434909	0.7735121555	0.7990622555	0.8087796555	0.8091836555	0.8152892554	0.8296629555	0.8351631557
1.5	0.50552619	0.63579585	0.6559428038	0.6827803525	0.6907982799	0.6918499241	0.6963110699	0.7110294367	0.7180102273
1.6	0.40192542	0.53450315	0.5495654555	0.5775201555	0.5848889555	0.5867649555	0.5920720555	0.6059223555	0.6124050555
1.7	0.31555269	0.4503112	0.4627293105	0.4915188518	0.499879807	0.5027546869	0.5126221622	0.5236080619	0.5268285023
1.8	0.24310675	0.37992598	0.3924123555	0.4218755555	0.4316232555	0.4349537555	0.4492544555	0.453	0.4574938555
1.9	0.18339518	0.32214979	0.3336066869	0.3636935232	0.3739352872	0.3766657734	0.389	0.394	0.3987342711
2	0.13387039	0.27444542	0.2847320555	0.3152306555	0.3254618555	0.3275615555	0.337	0.3422809555	0.3496299555
2.1	0.093526328	0.23583719	0.2449270622	0.2755914381	0.285918602	0.2882643022	0.298	0.3037968143	0.3100751961
2.2	0.06053613	0.20451102	0.2127780555	0.2441120555	0.2544699555	0.26	0.265	0.2712977555	0.2784735555
2.3	0.033835732	0.1794002	0.1868430097	0.2195372072	0.2295847626	0.235	0.239122024	0.2455102796	0.2530170647
2.4	0.012398903	0.15946383	0.1661186555	0.1980139555	0.2075007555	0.212	0.218	0.2246839555	0.2325423555
2.5	-0.0046425157	0.14379554	0.1497774317	0.1768221909	0.185669768	0.192	0.199	0.2092613632	0.2162798029
2.6	-0.018020465	0.13157691	0.1372558555	0.1603707555	0.1686311555	0.1758828555	0.1839852555	0.1979523555	0.2043901555
2.7	-0.028350884	0.12201996	0.1280234214	0.1525294996	0.1605316983	0.1705583699	0.1782018567	0.1892965754	0.196755919
2.8	-0.036149913	0.11438136	0.1214174555	0.1478833555	0.1568603555	0.1686176555	0.1740454555	0.1828855555	0.1912162555
2.9	-0.041848532	0.10806802	0.116818828	0.1406651809	0.1524715215	0.1652127253	0.1697353337	0.178543343	0.1858364415
3	-0.045807551	0.10260699	0.1139147555	0.1329844555	0.1483391555	0.1616720555	0.1661570555	0.1759721555	0.1816295555
3.1	-0.048329031	0.097605638	0.112449162	0.1280385469	0.1463609986	0.1602032867	0.164469229	0.1748411728	0.1799029102
3.2	-0.04966693	0.092822918	0.1120864555	0.1254997555	0.1460103555	0.1603542555	0.1642563555	0.1748092555	0.1801929555
3.3	-0.05003516	0.088193638	0.1125131069	0.1243507766	0.1463637418	0.1612105858	0.1648494708	0.1755960359	0.1814734379
3.4	-0.04961422	0.083754878	0.1135833555	0.1243409555	0.1473349555	0.1626688555	0.1661398555	0.1771745555	0.1822381555
3.5	-0.048556859	0.079562838	0.1151869559	0.125378442	0.1489937044	0.1647802531	0.1681246706	0.1794820288	0.184
3.6	-0.046992659	0.075655758	0.1171879555	0.1272399555	0.1511960555	0.1674034555	0.1706643555	0.1820589555	0.186
3.7	-0.045032039	0.072049888	0.1194489774	0.1296825883	0.1537603109	0.1703589222	0.1735936046	0.1845337068	0.188
3.8	-0.042769859	0.068744398	0.1218526555	0.1325163555	0.1565673555	0.1735067555	0.1767808555	0.1872828555	0.19
3.9	-0.040288729	0.065719668	0.1242992675	0.1355852751	0.1595252099	0.1767355658	0.1801097814	0.1907224644	0.194
4	-0.037640138	0.063009858	0.1267396555	0.1388164555	0.1625878555	0.1800083555	0.1834912555	0.1946783555	0.198
4.1	-0.034893378	0.060639959	0.129137848	0.1421558941	0.1657191825	0.1832898473	0.1868790526	0.1986474933	0.2
4.2	-0.032105588	0.058558029	0.1314600555	0.1455420555	0.1688767555	0.1864772555	0.1903713555	0.2014016555	0.2029736555
4.3	-0.029267328	0.056797019	0.1336726484	0.1489142312	0.1720197555	0.1895005777	0.1939306158	0.20205732	0.2054831895
4.4	-0.026528198	0.055281969	0.1357404555	0.1522225555	0.1751201555	0.1924884555	0.1968319555	0.2018349555	0.2062
4.5	-0.023868128	0.054039709	0.1376338164	0.155425114	0.178144666	0.1954113748	0.1984432919	0.2021405968	0.2068759054
4.6	-0.021317228	0.053067799	0.1393466555	0.1585009555	0.1810261555	0.1974085555	0.1991910555	0.2030185555	0.2072
4.7	-0.018901008	0.05236379	0.1408778065	0.1614342456	0.1837365385	0.1977009436	0.1996591744	0.2042180131	0.207776684
4.8	-0.016640028	0.05192407	0.1422221555	0.1642086555	0.1864377555	0.1966676555	0.2000030555	0.2056693555	0.2102650555
4.9	-0.014549999	0.05174341	0.143375978	0.1668081363	0.1891409128	0.1950625962	0.2002609682	0.2073293587	0.2127122914
5	-0.012641549	0.05181422	0.1443450555	0.1692182555	0.1910637555	0.1939806555	0.2004311555	0.2090791555	0.2149819555
5.1	-0.010919629	0.05212554	0.1451373767	0.171429242	0.1915079054	0.1942536668	0.200544448	0.2107960601	0.2171444459
5.2	-0.0093842189	0.05266333	0.1457602555	0.1734483555	0.1909038555	0.1953202555	0.2008020555	0.2124177555	0.2190775555
5.3	-0.008030359	0.053410201	0.1462218799	0.1752704365	0.1898881547	0.1964132239	0.2013908133	0.2139070433	0.2206417348
5.4	-0.0068489191	0.054345981	0.1465346117	0.1768236178	0.1887927071	0.1973352911	0.2022696826	0.2152668318	0.2218206698
5.5	-0.0058275392	0.055448471	0.1467118555	0.1780193555	0.1878732555	0.1980316555	0.2033406555	0.2165100555	0.2226288555
5.6	-0.0049517793	0.056694491	0.1467669805	0.1787946135	0.1873304402	0.1984678791	0.2045146487	0.2176461734	0.223093733
5.7	-0.0042061394	0.058060801	0.1467132127	0.1791883881	0.1871444931	0.1986909795	0.2057382765	0.2186707419	0.2232945288
5.8	-0.0035748695	0.059524721	0.1465637424	0.1792651837	0.1872405436	0.1987683381	0.2069670778	0.2195758414	0.223323416
5.9	-0.0030427996	0.061064911	0.1463317599	0.1790895047	0.1875437212	0.1987673363	0.2081565912	0.2203535524	0.2232725672
6	-0.0025939082	0.062660815	0.1460304555	0.1787258555	0.1879791555	0.1987553555	0.2092623555	0.2209959555	0.2232341555
6.1	-0.0022215297	0.064297881	0.1456724705	0.1782331663	0.1884801762	0.1987862573	0.2102496963	0.2214976606	0.2232819964
6.2	-0.0019082097	0.065957132	0.1452682509	0.1776480714	0.1890129148	0.1988598249	0.2111230867	0.2218633958	0.223416477
6.3	-0.0016460898	0.067625732	0.1448276938	0.1770016311	0.189551703	0.1989623215	0.2118967868	0.2221004184	0.2236196272
6.4	-0.0014266598	0.069291542	0.1443606963	0.1763249057	0.1900708727	0.1990800106	0.2125850564	0.2222159858	0.2238734767
6.5	-0.0012426598	0.070944092	0.1438771555	0.1756489555	0.1905447555	0.1991991555	0.2132021555	0.2222173555	0.2241600555
6.6	-0.0010879799	0.072574292	0.1433874496	0.1750001847	0.1909534238	0.1993087501	0.2137604182	0.222114924	0.2244630975
6.7	-9.573599E-4	0.074174342	0.1429038821	0.1743863743	0.1912999125	0.1994087107	0.2142644749	0.2219316452	0.2247731535
6.8	-8.462899E-4	0.075737562	0.1424392376	0.1738106493	0.1915929971	0.1995016839	0.2147170304	0.2216936121	0.2250824785
6.9	-7.493299E-4	0.077257812	0.1420063005	0.1732761347	0.1918414529	0.1995903166	0.215120789	0.2214269179	0.2253833275
7	-6.348699E-4	0.078710432	0.1416178555	0.1727859555	0.1920540555	0.1996772555	0.2154784555	0.2211576555	0.2256679555
7.1	-5.676999E-4	0.080134371	0.1412841942	0.1723412493	0.1922383814	0.1997644455	0.2157932902	0.2209059954	0.2259302938
7.2	-5.100399E-4	0.081503921	0.1410056365	0.1719352049	0.192397212	0.1998510244	0.2160707775	0.2206684178	0.2261709795
7.3	-4.6023E-4	0.082816381	0.1407800095	0.1715590236	0.1925321296	0.1999354284	0.2163169574	0.2204354802	0.226392326
7.4	-4.1696E-4	0.084069641	0.1406051402	0.1712039067	0.1926447166	0.2000160934	0.21653787	0.2201977403	0.2265966469
7.5	-3.7913E-4	0.085262111	0.1404788555	0.1708610555	0.1927365555	0.2000914555	0.2167395555	0.2199457555	0.2267862555
7.6	-3.4586E-4	0.086392751	0.1403996385	0.1705235668	0.1928093113	0.2001602865	0.2169256897	0.2196741033	0.226963117
7.7	-3.1641E-4	0.087461021	0.1403685966	0.1701921188	0.1928649804	0.2002227013	0.2170904919	0.2193934405	0.2271278037
7.8	-2.9019E-4	0.088466821	0.1403874932	0.1698692851	0.1929056415	0.2002791506	0.217225817	0.2191184438	0.2272805397
7.9	-2.665154E-4	0.089415219	0.1404580916	0.1695576395	0.1929333735	0.2003300851	0.2173235199	0.2188637899	0.227421549
8	-2.4553E-4	0.090292981	0.1405821555	0.1692597555	0.1929502555	0.2003759555	0.2173754555	0.2186441555	0.2275510555
8.1	-2.261618E-4	0.091121571	0.1407606256	0.1689776663	0.1929581297	0.200417163	0.2173758363	0.2184708888	0.2276692988
8.2	-2.0892E-4	0.091879301	0.1409911529	0.1687112433	0.1929578924	0.2004539112	0.2173283051	0.2183420245	0.2277765804
8.3	-1.92714E-4	0.092595882	0.1412705661	0.1684598174	0.1929502035	0.2004863542	0.2172388621	0.218252269	0.2278732174
8.4	-1.781008E-4	0.09324893	0.1415956935	0.1682227197	0.1929357226	0.2005146461	0.2171135077	0.2181963285	0.2279595267
8.5	-1.6484E-4	0.093840901	0.1419633638	0.167999281	0.1929151097	0.200538941	0.216958242	0.2181689094	0.2280358255
8.6	-1.520088E-4	0.094406858	0.1423704054	0.1677888322	0.1928890244	0.2005593931	0.2167790655	0.218164718	0.2281024306
8.7	-1.403099E-4	0.094917929	0.1428136468	0.1675907043	0.1928581266	0.2005761565	0.2165819782	0.2181784606	0.2281596591
8.8	-1.296206E-4	0.095378295	0.1432899166	0.1674042283	0.1928230759	0.2005893853	0.2163729806	0.2182048435	0.2282078281
8.9	-1.198182E-4	0.095792141	0.1437960434	0.167228735	0.1927845323	0.2005992336	0.216158073	0.218238573	0.2282472545
9	-1.1078E-4	0.096163651	0.1443288555	0.1670635555	0.1927431555	0.2006058555	0.2159432555	0.2182743555	0.2282782555
9.1	-1.017763E-4	0.096526625	0.1448852948	0.1669081863	0.1926995302	0.2006094082	0.2157335282	0.2183078271	0.2283011847
9.2	-9.35368E-5	0.096847262	0.1454627564	0.1667627872	0.1926539416	0.2006100609	0.2155298902	0.2183383442	0.2283165436
9.3	-8.59851E-5	0.097130486	0.1460587487	0.1666276834	0.1926065995	0.2006079858	0.2153323403	0.2183661929	0.2283248703
9.4	-7.9045E-5	0.097381217	0.14667078	0.1665032003	0.1925577142	0.2006033554	0.2151408772	0.2183916592	0.2283267028
9.5	-7.264E-5	0.09760438	0.1472963587	0.1663896632	0.1925074957	0.2005963418	0.2149554998	0.2184150295	0.2283225792
9.6	-6.6242E-5	0.097825686	0.1479329931	0.1662873975	0.1924561539	0.2005871172	0.2147762068	0.2184365899	0.2283130378
9.7	-6.03792E-5	0.098019423	0.1485781916	0.1661967285	0.1924038989	0.2005758541	0.2146029971	0.2184566265	0.2282986166
9.8	-5.50164E-5	0.098189145	0.1492294626	0.1661179816	0.1923509408	0.2005627245	0.2144358694	0.2184754255	0.2282798537
9.9	-5.01184E-5	0.098338406	0.1498843144	0.1660514822	0.1922974897	0.2005479009	0.2142748226	0.2184932731	0.2282572873
10	-4.565E-5	0.09847076	0.1505402555	0.1659975555	0.1922437555	0.2005315555	0.2141198555	0.2185104555	0.2282314555
10.1	-4.11479E-5	0.098602838	0.1511946953	0.165956752	0.1921899272	0.2005138485	0.2139709354	0.2185272077	0.2282027964
10.2	-3.70754E-5	0.098718008	0.1518446485	0.1659305224	0.1921361094	0.2004948926	0.2138279045	0.2185435611	0.2281713482
10.3	-3.345E-5	0.098818555	0.1524870309	0.1659205428	0.1920823855	0.2004747883	0.2136905735	0.2185594959	0.2281370494
10.4	-3.0289E-5	0.098906761	0.1531187584	0.1659284889	0.1920288389	0.2004536363	0.2135587531	0.2185749922	0.2280998382
10.5	-2.761E-5	0.09898491	0.1537367468	0.1659560366	0.191975553	0.2004315372	0.2134322542	0.2185900303	0.2280596529
10.6	-2.46724E-5	0.099063351	0.1543379118	0.1660048619	0.1919226114	0.2004085915	0.2133108873	0.2186045904	0.2280164318
10.7	-2.22167E-5	0.099131734	0.1549191694	0.1660766405	0.1918700974	0.2003848999	0.2131944632	0.2186186528	0.2279701132
10.8	-2.04298E-5	0.099191358	0.1554774353	0.1661730484	0.1918180944	0.2003605629	0.2130827928	0.2186321976	0.2279206354
10.9	-1.94986E-5	0.099243524	0.1560096254	0.1662957614	0.191766686	0.2003356813	0.2129756866	0.2186452051	0.2278679367
11	-1.961E-5	0.09928953	0.1565126555	0.1664464555	0.1917159555	0.2003103555	0.2128729555	0.2186576555	0.2278119555
11.1	-2.16734E-5	0.099335239	0.1569840604	0.1666263823	0.1916659807	0.200284679	0.2127744208	0.2186695387	0.2277526622
11.2	-2.47793E-5	0.099374788	0.1574238511	0.1668350975	0.1916168169	0.2002587167	0.212679947	0.2186808834	0.227690157
11.3	-2.82255E-5	0.099409112	0.1578326575	0.1670717322	0.1915685137	0.2002325264	0.2125894091	0.2186917278	0.227624572
11.4	-3.13098E-5	0.099439144	0.1582111096	0.1673354178	0.1915211207	0.2002061656	0.2125026822	0.2187021105	0.2275560395
11.5	-3.333E-5	0.09946582	0.1585598371	0.1676252856	0.1914746876	0.2001796922	0.2124196414	0.2187120697	0.2274846919
11.6	-3.29882E-5	0.099492923	0.1588794701	0.1679404671	0.1914292638	0.2001531639	0.2123401616	0.2187216437	0.2274106613
11.7	-3.15822E-5	0.099516669	0.1591706386	0.1682800935	0.1913848992	0.2001266384	0.2122641181	0.218730871	0.2273340801
11.8	-2.95021E-5	0.0995375	0.1594339723	0.1686432961	0.1913416431	0.2001001733	0.2121913859	0.2187397898	0.2272550806
11.9	-2.7138E-5	0.099555856	0.1596701013	0.1690292063	0.1912995454	0.2000738264	0.21212184	0.2187484385	0.2271737949
12	-2.488E-5	0.09957218	0.1598796555	0.1694369555	0.1912586555	0.2000476555	0.2120553555	0.2187568555	0.2270903555
12.1	-2.3439E-5	0.099588494	0.1600635237	0.1698654269	0.1912190183	0.2000217133	0.2119918106	0.2187650721	0.2270048736
12.2	-2.21042E-5	0.099602775	0.160223631	0.1703125117	0.1911806598	0.1999960333	0.2119310962	0.2187730919	0.2269173774
12.3	-2.08658E-5	0.0996153	0.160362161	0.1707758532	0.191143601	0.199970644	0.2118731063	0.2187809115	0.2268278741
12.4	-1.97142E-5	0.099626346	0.1604812978	0.1712530944	0.191107863	0.1999455739	0.2118177348	0.2187885274	0.2267363709
12.5	-1.864E-5	0.09963619	0.1605832251	0.1717418786	0.191073467	0.1999208516	0.2117648757	0.2187959363	0.2266428748
12.6	-1.75732E-5	0.099646063	0.1606701269	0.172239849	0.1910404341	0.1998965056	0.2117144229	0.2188031347	0.2265473933
12.7	-1.65837E-5	0.099654734	0.1607441869	0.1727446487	0.1910087853	0.1998725645	0.2116662706	0.2188101193	0.2264499334
12.8	-1.56646E-5	0.099662366	0.1608075891	0.1732539209	0.1909785419	0.1998490567	0.2116203126	0.2188168865	0.2263505023
12.9	-1.4809E-5	0.09966912	0.1608625174	0.1737653088	0.1909497249	0.1998260109	0.2115764429	0.2188234331	0.2262491073
13	-1.401E-5	0.09967516	0.1609111555	0.1742764555	0.1909223555	0.1998034555	0.2115345555	0.2188297555	0.2261457555
13.1	-1.32163E-5	0.099681216	0.1609553603	0.1747853383	0.1908964839	0.1997814118	0.2114945494	0.2188358515	0.2260404729
13.2	-1.24793E-5	0.099686557	0.1609956802	0.1752912709	0.1908722776	0.1997598725	0.2114563441	0.2188417235	0.2259333604
13.3	-1.17941E-5	0.099691279	0.1610323367	0.1757939011	0.1908499329	0.1997388229	0.2114198638	0.218847375	0.2258245379
13.4	-1.11559E-5	0.099695475	0.1610655513	0.1762928766	0.1908296465	0.1997182483	0.2113850331	0.2188528094	0.2257141251
13.5	-1.056E-5	0.09969924	0.1610955452	0.1767878452	0.1908116148	0.199698134	0.2113517763	0.2188580304	0.2256022416
13.6	-9.9692E-6	0.09970301	0.16112254	0.1772784545	0.1907960343	0.1996784655	0.2113200178	0.2188630414	0.2254890072
13.7	-9.4206E-6	0.09970635	0.1611467569	0.1777643525	0.1907831017	0.199659228	0.2112896821	0.2188678459	0.2253745416
13.8	-8.9105E-6	0.099709315	0.1611684176	0.1782451868	0.1907730133	0.199640407	0.2112606935	0.2188724474	0.2252589647
13.9	-8.4349E-6	0.099711963	0.1611877433	0.1787206052	0.1907659657	0.1996219877	0.2112329765	0.2188768494	0.225142396
14	-7.99E-6	0.09971435	0.1612049555	0.1791902555	0.1907621555	0.1996039555	0.2112064555	0.2188810555	0.2250249555
14.1	-7.5477E-6	0.09971674	0.1612202731	0.179653755	0.190761676	0.1995863315	0.2111810581	0.218885069	0.2249067738
14.2	-7.1361E-6	0.099718868	0.1612339052	0.1801105994	0.1907642083	0.1995692797	0.2111567253	0.2188888929	0.2247880265
14.3	-6.7526E-6	0.099720769	0.1612460586	0.1805602541	0.1907693303	0.1995529999	0.2111334012	0.21889253	0.2246688999
14.4	-6.3948E-6	0.099722475	0.1612569398	0.1810021843	0.1907766201	0.1995376919	0.2111110299	0.2188959833	0.2245495808
14.5	-6.06E-6	0.09972402	0.1612667555	0.1814358555	0.1907856555	0.1995235555	0.2110895555	0.2188992555	0.2244302555
14.6	-5.7278E-6	0.099725564	0.1612756893	0.1818607324	0.1907965715	0.1995106416	0.2110689259	0.218902351	0.2243111086
14.7	-5.4187E-6	0.099726947	0.1612838331	0.1822762782	0.1908117315	0.1994984059	0.2110491037	0.2189052803	0.224192317
14.8	-5.1306E-6	0.099728189	0.1612912555	0.1826819555	0.1908340555	0.1994861555	0.2110300555	0.2189080555	0.2240740555
14.9	-4.8617E-6	0.09972931	0.1612980183	0.1830771895	0.1908656361	0.1994734493	0.2110117486	0.218910684	0.2239564905
15	-4.61E-6	0.09973033	0.1613041555	0.1834612555	0.1909052555	0.1994608555	0.2109941555	0.2189131555	0.2238397555
15.1	-4.3561E-6	0.099731374	0.1613097059	0.1838333813	0.1909514588	0.1994490155	0.2109772434	0.218915466	0.2237239728
15.2	-4.1181E-6	0.099732325	0.1613147555	0.1841927555	0.1910051555	0.1994378555	0.2109609555	0.2189176555	0.2236092555
15.3	-3.8951E-6	0.099733189	0.161319391	0.1845385432	0.1910676989	0.1994271841	0.2109452481	0.2189197473	0.2234957262
15.4	-3.6862E-6	0.099733974	0.1613236555	0.1848698555	0.1911398555	0.1994170555	0.2109301555	0.2189216555	0.2233835555
15.5	-3.4906E-6	0.099734687	0.1613275555	0.1851857555	0.1912223555	0.1994075555	0.2109156555	0.2189233555	0.2232728555
15.6	-3.3073E-6	0.099735334	0.1613310555	0.1854852555	0.1913162555	0.1993986555	0.2109015555	0.2189250555	0.2231635555
15.7	-3.1354E-6	0.099735924	0.161334285	0.1857676673	0.1914222825	0.1993903218	0.2108880309	0.2189266245	0.2230558571
15.8	-2.9742E-6	0.099736464	0.1613372555	0.1860323555	0.1915411555	0.1993825555	0.2108750555	0.2189280555	0.2229498555
15.9	-2.8227E-6	0.09973696	0.1613399549	0.1862787476	0.1916735494	0.199375377	0.2108625373	0.2189293947	0.222845599
16	-2.68E-6	0.09973742	0.1613424555	0.1865065555	0.1918198555	0.1993688555	0.2108504555	0.2189306555	0.2227431555
16.1	-2.5295E-6	0.099737933	0.1613448156	0.1867156878	0.1919802901	0.1993630528	0.2108388027	0.2189318295	0.222642567
16.2	-2.3894E-6	0.099738398	0.1613469555	0.1869065555	0.1921546555	0.1993579555	0.2108275555	0.2189328555	0.2225437555
16.3	-2.2591E-6	0.09973882	0.1613488156	0.1870797339	0.1923425855	0.1993535445	0.2108166972	0.2189337076	0.2224466907
16.4	-2.1378E-6	0.099739203	0.1613505555	0.1872359555	0.1925434555	0.1993498555	0.2108062555	0.2189345555	0.2223516555
16.5	-2.0247E-6	0.099739551	0.1613522555	0.1873761555	0.1927564555	0.1993469555	0.2107962555	0.2189354555	0.2222587555
16.6	-1.9194E-6	0.099739867	0.1613536555	0.1875017555	0.1929803555	0.1993449555	0.2107866555	0.2189360555	0.2221674555
16.7	-1.8209E-6	0.099740156	0.1613550217	0.1876137672	0.1932140077	0.1993438952	0.2107773767	0.2189366622	0.2220782606
16.8	-1.7286E-6	0.099740422	0.1613563555	0.1877134555	0.1934561555	0.1993438555	0.2107684555	0.2189372555	0.2219911555
16.9	-1.6419E-6	0.099740669	0.1613575663	0.1878021422	0.193705514	0.19934495	0.2107599348	0.2189377109	0.2219059499
17	-1.56E-6	0.0997409	0.1613586555	0.1878809555	0.1939608555	0.1993473555	0.2107517555	0.2189380555	0.2218226555
17.1	-1.4722E-6	0.099741162	0.1613596459	0.1879509842	0.1942209815	0.1993512126	0.2107438545	0.218938052654266	0.2217413225
17.2	-1.3902E-6	0.099741403	0.1613605555	0.1880133555	0.1944847555	0.1993564555	0.2107362555	0.218937605075677	0.2216619555
17.3	-1.3138E-6	0.099741625	0.161361399	0.1880691061	0.1947510653	0.1993631014	0.2107289929	0.218936263681861	0.2215845444
17.4	-1.2426E-6	0.09974183	0.1613621836	0.1881188747	0.1950188359	0.1993717085	0.2107220594	0.218934032491973	0.2215090688
17.5	-1.176E-6	0.099742019	0.1613629147	0.1881632006	0.1952870016	0.1993829701	0.2107154368	0.218930918182308	0.2214355052
17.6	-1.1138E-6	0.099742193	0.1613635977	0.1882026226	0.1955544966	0.1993975791	0.2107091071	0.218926930053011	0.2213638306
17.7	-1.0554E-6	0.099742354	0.161364238	0.18823768	0.1958202553	0.199416229	0.2107030522	0.218922079981812	0.2212940216
17.8	-1.0006E-6	0.099742505	0.1613648407	0.1882689119	0.1960832118	0.1994396129	0.210697254	0.218916382365083	0.2212260549
17.9	-9.49E-7	0.099742646	0.1613654115	0.1882968574	0.1963423004	0.199468424	0.2106916944	0.218909854046646	0.2211599073
18	-9E-7	0.09974278	0.1613659555	0.1883220555	0.1965964555	0.1995033555	0.2106863555	0.218902514234816	0.2210955555
18.1	-8.472E-7	0.099742927	0.1613664555	0.1883449555	0.1968435555	0.1995461555	0.2106812555	0.218894384408248	0.2210329555
18.2	-7.976E-7	0.099743063	0.1613668555	0.1883656555	0.1970818555	0.1995989555	0.2106764555	0.218885488211241	0.2209720555
18.3	-7.512E-7	0.09974319	0.1613672555	0.1883842555	0.1973090555	0.1996640555	0.2106717555	0.218875851339214	0.2209129555
18.4	-7.077E-7	0.099743309	0.1613676555	0.1884010555	0.1975227555	0.1997441555	0.2106672555	0.218865501415115	0.2208554555
18.5	-6.67E-7	0.099743419	0.1613679555	0.1884162555	0.1978314555	0.1997473555	0.2106629555	0.218854467857617	0.2207996555
18.6	-6.29E-7	0.099743523	0.1613682555	0.1884300555	0.1979974555	0.1998482555	0.2106587555	0.218842781741962	0.2207454555
18.7	-5.934E-7	0.09974362	0.1613685555	0.1884426555	0.1981414555	0.1999691555	0.2106547555	0.218830475654382	0.2206929555
18.8	-5.602E-7	0.099743711	0.1613688555	0.1884539555	0.1982634555	0.2001107555	0.2106507555	0.218817583541043	0.2206418555
18.9	-5.291E-7	0.099743798	0.1613690555	0.1884643555	0.1983650555	0.2002724555	0.2106469555	0.218804140552507	0.2205923555
19	-5E-7	0.09974388	0.1613699555	0.1884737555	0.1984484555	0.2004270555	0.2106596555	0.218790182884675	0.2205452555
19.1	-4.702E-7	0.099743969	0.1613695555	0.1884823555	0.1985166555	0.2006207555	0.2106558555	0.21877574761725	0.2204978555
19.2	-4.429E-7	0.099744052	0.1613699555	0.1884902555	0.1985722555	0.2008274555	0.2106524555	0.218760872550689	0.2204529555
19.3	-4.177E-7	0.09974413	0.1613699555	0.1884973555	0.1986177555	0.2010436555	0.2106492555	0.218745596042672	0.2204090555
19.4	-3.944E-7	0.099744204	0.1613701555	0.1885039555	0.1986551555	0.2012672555	0.2106464555	0.218729956845036	0.2203666555
19.5	-3.727E-7	0.099744274	0.1613702555	0.1885098555	0.1986862555	0.2014963555	0.2106438555	0.218713993942158	0.2203256555
19.6	-3.525E-7	0.099744339	0.1613704555	0.1885153555	0.1987120555	0.2017293555	0.2106415555	0.218697746391705	0.2202859555
19.7	-3.333E-7	0.099744402	0.1613706728	0.1885204175	0.1987337852	0.2019644671	0.2106397015	0.218681253168633	0.2202477366
19.8	-3.15E-7	0.09974446	0.1613708426	0.1885250408	0.1987521895	0.202201307	0.2106380791	0.218664553013301	0.220210812
19.9	-2.973E-7	0.099744517	0.1613709439	0.1885292714	0.1987678518	0.2024398712	0.2106363948	0.218647684284486	0.2201748841
20	-2.8E-7	0.09974457	0.1613709555	0.1885331555	0.1987813555	0.2026801555	0.2106343555	0.21863068481805	0.220139652490616
20.1	-2.601E-7	0.099744627	0.1613708665	0.1885367344	0.1987932083	0.2029220133	0.2106317648	0.218613591791954	0.220090296750422
20.2	-2.409E-7	0.09974468	0.1613707076	0.1885400313	0.1988036158	0.2031647282	0.2106288152	0.218596441598228	0.220040941010228
20.3	-2.222E-7	0.099744731	0.1613705201	0.1885430645	0.1988127082	0.2034074416	0.2106257964	0.218579269722481	0.219991585270034
20.4	-2.042E-7	0.099744779	0.1613703449	0.1885458523	0.1988206154	0.2036492947	0.210622998	0.21856211063142	0.219942229529839
20.5	-1.867E-7	0.099744824	0.1613702233	0.1885484131	0.1988274676	0.2038894287	0.2106207097	0.21854499766882	0.219892873789645
20.6	-1.7E-7	0.099744867	0.1613701961	0.1885507654	0.1988333949	0.2041269848	0.210619221	0.218527962960286	0.219843518049451
20.7	-1.539E-7	0.099744908	0.1613703047	0.1885529273	0.1988385272	0.2043611043	0.2106188216	0.218511037327096	0.219794162309257
20.8	-1.386E-7	0.099744947	0.1613705901	0.1885549174	0.1988429947	0.2045909284	0.2106198011	0.218494250209321	0.219744806569063
20.9	-1.239E-7	0.099744984	0.1613710933	0.188556754	0.1988469274	0.2048155984	0.2106224492	0.218477629598378	0.219695450828869
21	-1.1E-7	0.09974502	0.1613718555	0.1885584555	0.1988504555	0.2050342555	0.2106270555	0.218461201979068	0.219646095088674
21.1	-9.68E-8	0.099745054	0.1613729132	0.1885600381	0.1988536897	0.2052464839	0.2106337064	0.218444992281109	0.21959673934848
21.2	-8.44E-8	0.099745087	0.1613742851	0.1885615102	0.1988566646	0.2054536403	0.2106416756	0.218429023840102	0.219547383608286
21.3	-7.25E-8	0.099745119	0.1613759852	0.188562878	0.1988593953	0.2056575244	0.2106500338	0.21841331836779	0.219498027868092
21.4	-6.11E-8	0.099745149	0.1613780275	0.1885641477	0.1988618972	0.2058599356	0.2106578513	0.218397895931449	0.219448672127898
21.5	-5.02E-8	0.099745179	0.1613804261	0.1885653256	0.1988641854	0.2060626738	0.2106641989	0.218382774942139	0.219399316387704
21.6	-3.97E-8	0.099745208	0.161383195	0.1885664179	0.1988662752	0.2062675385	0.210668147	0.218367972151552	0.21934996064751
21.7	-2.95E-8	0.099745237	0.1613863484	0.1885674308	0.1988681819	0.2064763294	0.2106687662	0.218353502657103	0.219300604907315
21.8	-1.96E-8	0.099745265	0.1613899002	0.1885683705	0.1988699206	0.2066908461	0.2106651269	0.218339379914885	0.219251249167121
21.9	-9.7E-9	0.099745292	0.1613938646	0.1885692433	0.1988715068	0.2069128882	0.2106562998	0.218325615760071	0.21921
22	0	0.09974532	0.1613982555	0.1885700555	0.1988729555	0.2071442555	0.2106413555	0.21831222043432	0.21918
22.1	0	0.09974532	0.1614030297	0.1885708125	0.1988742808	0.207385556	0.2106201186	0.218299202619688	0.21915
22.2	0	0.09974532	0.1614079144	0.1885715174	0.1988754922	0.207632632	0.2105954312	0.218286569478573	0.21912
22.3	0	0.09974532	0.1614125794	0.1885721725	0.1988765977	0.2078801344	0.2105708894	0.218274326699147	0.219094996038489
22.4	0	0.09974532	0.1614166948	0.18857278	0.1988776054	0.208122714	0.2105500894	0.218262478545763	0.219045159023597
22.5	0	0.09974532	0.1614199303	0.1885733423	0.1988785236	0.2083550214	0.2105366275	0.218251027913788	0.218997955777242
22.6	0	0.09974532	0.1614219558	0.1885738616	0.1988793603	0.2085717076	0.2105340999	0.218239976388322	0.218953499715277
22.7	0	0.09974532	0.1614224412	0.1885743403	0.1988801237	0.2087674233	0.2105461026	0.21822932430627	0.218911862170892
22.8	0	0.09974532	0.1614210563	0.1885747806	0.1988808219	0.2089368193	0.210576232	0.218219070821207	0.218873075388345
22.9	0	0.09974532	0.1614174711	0.1885751849	0.1988814632	0.2090745464	0.2106280842	0.218209213970541	0.218837135961306
23	0	0.09974532	0.1614113555	0.1885755555	0.1988820555	0.2091752555	0.2106280842	0.218199750744433	0.218804008593212
23.1	0	0.09974532	0.1614027159	0.188575896	0.1988826061	0.2093	0.21065	0.218190677155987	0.218773630061044
23.2	0	0.09974532	0.161392906	0.1885762156	0.1988831188	0.2095	0.21068	0.218181988312228	0.218745913271137
23.3	0	0.09974532	0.1613836158	0.188576525	0.1988835961	0.2097	0.2107	0.218173678485413	0.218720751305355
23.4	0	0.09974532	0.1613765356	0.1885768348	0.1988840407	0.2099	0.21072	0.218165741184235	0.218698021367706
23.5	0	0.09974532	0.1613733555	0.1885771555	0.1988844555	0.2101	0.21075	0.218158169224518	0.218677588554537
23.6	0	0.09974532	0.1613733555	0.1885774555	0.1988848555	0.2102385555	0.2107651555	0.218150954799019	0.218659309385288
23.7	0	0.09974532	0.1613811555	0.1885776555	0.1988852555	0.2103168555	0.2108644555	0.218144089545982	0.218643035044796
23.8	0	0.09974532	0.1614092555	0.1885779555	0.1988855555	0.2103831555	0.2110008555	0.21813756461614	0.218628614301886
23.9	0	0.09974532	0.1613736555	0.1885781555	0.1988858555	0.21044	0.2111451555	0.218131370737841	0.218615896081985
24	0	0.09974532	0.1614034555	0.1885783555	0.1988861555	0.2104486555	0.2112773555	0.218125498280074	0.218604731683482
24.1	0	0.09974532	0.1614112555	0.1885785555	0.1988864555	0.2104715555	0.2114384555	0.218119937313144	0.218594976638153
24.2	0	0.09974532	0.1613895555	0.1885787555	0.1988867555	0.2104785555	0.2115843555	0.218114677666793	0.218586492225168
24.3	0	0.09974532	0.1613916555	0.1885788555	0.1988869555	0.2104910555	0.2117490555	0.218109708985629	0.218579146655732
24.4	0	0.09974532	0.1613943555	0.1885790555	0.1988871555	0.2105012555	0.2119158555	0.218105020781678	0.218572815951404
24.5	0	0.09974532	0.1613973555	0.1885792555	0.1988873555	0.2105124555	0.2120834555	0.218100602483995	0.218567384543499
24.6	0	0.09974532	0.161401041	0.1885794175	0.1988875597	0.2105217351	0.2122515455	0.218096443485219	0.218562745623943
24.7	0	0.09974532	0.1614046636	0.1885795498	0.1988877674	0.2105283537	0.2124192913	0.218092533185031	0.218558801279496
24.8	0	0.09974532	0.1614079836	0.1885796611	0.198887973	0.2105329724	0.2125863522	0.218088861030476	0.218555462441661
24.9	0	0.09974532	0.1614107608	0.1885797601	0.1988881708	0.2105362526	0.2127523872	0.218085416553154	0.218552648683995
25	0	0.09974532	0.1614127555	0.1885798555	0.1988883555	0.2105388555	0.21295	0.218082189403271	0.21855028789709
25.1	0	0.09974532	0.1614138113	0.1885799542	0.1988885226	0.2105413192	0.2131727	0.218079169380603	0.218548315869427
25.2	0	0.09974532	0.161414107	0.1885800558	0.1988886736	0.210543689	0.2133239	0.218076346462425	0.218546675799786
25.3	0	0.09974532	0.1614139047	0.1885801581	0.198888811	0.210545887	0.213476	0.218073710828456	0.218545317764045
25.4	0	0.09974532	0.1614134668	0.1885802587	0.1988889374	0.2105478351	0.2136285	0.21807125288292	0.218544198156249
25.5	0	0.09974532	0.1614130555	0.1885803555	0.1988890555	0.2105494555	0.2137811	0.218068963273816	0.218543279120786
25.6	0	0.09974532	0.1614128745	0.1885804465	0.1988891673	0.2105506881	0.2139335	0.218066832909498	0.218542527989614
25.7	0	0.09974532	0.1614128932	0.1885805318	0.1988892734	0.2105515446	0.2140855	0.218064852972689	0.218541916735655
25.8	0	0.09974532	0.1614130224	0.1885806115	0.1988893735	0.2105520549	0.2142369	0.218063014932054	0.21854142145095
25.9	0	0.09974532	0.1614131729	0.188580686	0.1988894676	0.2105522486	0.2143876	0.218061310551456	0.218541021855833
26	0	0.09974532	0.1614132555	0.1885807555	0.1988895555	0.2105521555	0.2145375	0.21805973189704	0.218540700843362
26.1	0	0.09974532	0.1614132039	0.1885808203	0.1988896373	0.2105518154	0.2146865	0.21805827134228	0.218540444061498
26.2	0	0.09974532	0.1614130436	0.1885808809	0.1988897139	0.2105513095	0.2148346	0.21805692157113	0.218540239534087
26.3	0	0.09974532	0.161412823	0.1885809376	0.1988897862	0.2105507292	0.2149816	0.218055675579426	0.21854007732049
26.4	0	0.09974532	0.1614125905	0.1885809907	0.1988898552	0.2105501657	0.2151275	0.218054526674675	0.218539949212802
26.5	0	0.09974532	0.1614123944	0.1885810406	0.1988899219	0.2105497105	0.2152723	0.218053468474372	0.218539848468889
26.6	0	0.09974532	0.1614122833	0.1885810877	0.1988899873	0.2105494549	0.215416	0.218052494902991	0.218539769578985
26.7	0	0.09974532	0.1614123054	0.1885811324	0.1988900524	0.2105494903	0.2155585	0.21805108	0.218539708063253
26.8	0	0.09974532	0.1614125092	0.188581175	0.1988901181	0.2105499079	0.2156997	0.218049	0.218539660297551
26.9	0	0.09974532	0.1614129431	0.1885812159	0.1988901855	0.2105507992	0.2158396	0.2180473	0.218539623364586
27	0	0.09974532	0.1614136555	0.1885812555	0.1988902555	0.2105522555	0.216	0.2180458	0.2185395121
27.1	0	0.09974532	0.161414575	0.1885812939	0.1988903284	0.2105542801	0.216199	0.2180448	0.2185396466
27.2	0	0.09974532	0.1614151518	0.1885813305	0.1988904016	0.2105565244	0.21639	0.2180447231	0.2185398939
27.3	0	0.09974532	0.1614147161	0.1885813644	0.1988904718	0.2105585516	0.2165553118	0.218046225	0.2185402712
27.4	0	0.09974532	0.1614125983	0.1885813947	0.1988905356	0.210559925	0.2166858068	0.2180481474	0.2185408013
27.5	0	0.09974532	0.1614081287	0.1885814206	0.1988905897	0.2105602079	0.2168146766	0.2180506039	0.2185415139
27.6	0	0.09974532	0.1614006377	0.1885814411	0.1988906308	0.2105589637	0.2169417267	0.2180537555	0.2185424488
27.7	0	0.09974532	0.1613894555	0.1885814555	0.1988906555	0.2105557555	0.2170666761	0.2180578349	0.2185436605
27.8	0	0.09974532	0.1613750555	0.1885814555	0.1988906555	0.2105518555	0.2171891088	0.2180631884	0.218545225
27.9	0	0.09974532	0.1613751555	0.1885814555	0.1988906555	0.2105520555	0.2173083918	0.2180703469	0.2185472513
28	0	0.09974532	0.1614139555	0.1885815555	0.1988907555	0.2105523555	0.2174235363	0.2180801454	0.2185498996
28.1	0	0.09974532	0.1614025555	0.1885815555	0.1988907555	0.2105556555	0.2175329714	0.2180939167	0.2185534153
28.2	0	0.09974532	0.1614007555	0.1885815555	0.1988908555	0.2105617555	0.217634225	0.2181137502	0.2185581878
28.3	0	0.09974532	0.1614089555	0.1885816555	0.1988908555	0.2105630555	0.2177237157	0.2181425857	0.2185648654
28.4	0	0.09974532	0.1614075555	0.1885816555	0.1988908555	0.2105629555	0.2177973498	0.2181834019	0.2185745706
28.5	0	0.09974532	0.1614140555	0.1885816555	0.1988909555	0.2105639555	0.2178527686	0.2182365391	0.2185893285
28.6	0	0.09974532	0.1614139555	0.1885817555	0.1988909555	0.2105640555	0.2178914115	0.218297005	0.2186126994
28.7	0	0.09974532	0.1614140555	0.1885817555	0.1988909555	0.2105641555	0.2179174685	0.2183552088	0.2186500908
28.8	0	0.09974532	0.1614115555	0.1885817555	0.1988910555	0.2105639555	0.2179351566	0.2184019297	0.2187065139
28.9	0	0.09974532	0.1614140555	0.1885817555	0.1988910555	0.2105643555	0.2179474966	0.2184341476	0.2187819747
29	0	0.09974532	0.1614141555	0.1885817555	0.1988910555	0.2105644555	0.2179563956	0.2184548502	0.2188715858
29.1	0	0.09974532	0.1614141555	0.1885818555	0.1988911555	0.2105645555	0.217963016	0.218468234	0.2189699951
29.2	0	0.09974532	0.1614141555	0.1885818555	0.1988911555	0.2105646555	0.2179680784	0.2184772216	0.2190735666
29.3	0	0.09974532	0.1614141519	0.18858184	0.198891164	0.2105647319	0.2179720405	0.2184835266	0.2191801359
29.4	0	0.09974532	0.1614141991	0.1885818423	0.1988912057	0.2105647961	0.2179752031	0.2184881261	0.2192884319
29.5	0	0.09974532	0.1614142555	0.1885818555	0.1988912555	0.2105648555	0.2179777696	0.2184915934	0.2193976848
29.6	0	0.09974532	0.1614142878	0.1885818733	0.198891293	0.210564916	0.217979882	0.218494279	0.2195074092
29.7	0	0.09974532	0.1614142958	0.1885818935	0.1988913176	0.2105649776	0.2179816415	0.2184964056	0.2196172876
29.8	0	0.09974532	0.1614142877	0.1885819149	0.1988913335	0.210565039	0.2179831224	0.2184981211	0.219727105
29.9	0	0.09974532	0.1614142716	0.1885819359	0.1988913447	0.2105650988	0.21798438	0.2184995264	0.2198367117
30	0	0.09974532	0.1614142555	0.1885819555	0.1988913555	0.2105651555	0.2179854563	0.2185006926	0.2199460011
30.1	0	0.09974532	0.161414246	0.1885819724	0.1988913692	0.2105652081	0.2179863	0.2185016713	0.220054896
30.2	0	0.09974532	0.1614142437	0.1885819868	0.198891386	0.2105652566	0.21798696	0.2185025004	0.2201633393
30.3	0	0.09974532	0.1614142474	0.188581999	0.1988914052	0.2105653017	0.217987731736813	0.2185032087	0.2202712886
30.4	0	0.09974532	0.1614142561	0.1885820095	0.1988914263	0.2105653436	0.217988456615964	0.2185038181	0.2203787124
30.5	0	0.09974532	0.1614142688	0.1885820185	0.1988914485	0.2105653829	0.21798916647893	0.2185043459	0.2204855865
30.6	0	0.09974532	0.1614142845	0.1885820265	0.1988914713	0.2105654201	0.21799	0.2185048056	0.2205918931
30.7	0	0.09974532	0.161414302	0.1885820338	0.1988914941	0.2105654554	0.217990545437203	0.2185052079	0.2206976185
30.8	0	0.09974532	0.1614143204	0.1885820409	0.1988915161	0.2105654895	0.217991216672961	0.2185055616	0.220802753
30.9	0	0.09974532	0.1614143385	0.1885820479	0.1988915368	0.2105655227	0.217991877173431	0.218505874	0.2209072894
31	0	0.09974532	0.1614143555	0.1885820555	0.1988915555	0.2105655555	0.217992742991162	0.2185061507	0.2210112225
31.1	0	0.09974532	0.1614143703	0.1885820637	0.1988915717	0.2105655882	0.217993170209121	0.2185063967	0.2211145491
31.2	0	0.09974532	0.1614143832	0.1885820727	0.1988915857	0.2105656208	0.217993804335832	0.2185066161	0.2212172673
31.3	0	0.09974532	0.1614143945	0.1885820822	0.1988915977	0.2105656531	0.21799443064835	0.2185068122	0.2213193761
31.4	0	0.09974532	0.1614144045	0.1885820922	0.1988916081	0.2105656849	0.217995049401018	0.2185069881	0.2214208757
31.5	0	0.09974532	0.1614144134	0.1885821025	0.1988916172	0.210565716	0.217995660848179	0.2185071461	0.221521767
31.6	0	0.09974532	0.1614144218	0.1885821131	0.1988916254	0.2105657463	0.217996265244174	0.2185072884	0.2216220513
31.7	0	0.09974532	0.1614144299	0.1885821238	0.198891633	0.2105657756	0.21799699	0.2185074168	0.2217217304
31.8	0	0.09974532	0.1614144379	0.1885821345	0.1988916403	0.2105658037	0.21799791	0.218507533	0.2218208069
31.9	0	0.09974532	0.1614144464	0.1885821451	0.1988916477	0.2105658303	0.217998617403339	0.2185076381	0.2219192832
32	0	0.09974532	0.1614144555	0.1885821555	0.1988916555	0.2105658555	0.217999413224516	0.2185077335	0.2220171622
32.1	0	0.09974532	0.1614144655	0.1885821656	0.1988916639	0.2105658789	0.217999757788824	0.21850782	0.2221144471
32.2	0	0.09974532	0.1614144763	0.1885821754	0.1988916729	0.2105659009	0.218000319948239	0.2185078989	0.222211141
32.3	0	0.09974532	0.1614144875	0.1885821851	0.1988916825	0.2105659217	0.218000877091226	0.2185079707	0.2223072474
32.4	0	0.09974532	0.1614144989	0.1885821947	0.1988916925	0.2105659416	0.218001429472126	0.21850799	0.2224027695
32.5	0	0.09974532	0.1614145102	0.1885822043	0.1988917028	0.2105659607	0.218001977345282	0.218508	0.222497711
32.6	0	0.09974532	0.1614145211	0.188582214	0.1988917133	0.2105659795	0.218002520965036	0.218508	0.2225920753
32.7	0	0.09974532	0.1614145314	0.1885822239	0.198891724	0.210565998	0.218003060585731	0.218508	0.222685866
32.8	0	0.09974532	0.1614145407	0.188582234	0.1988917346	0.2105660167	0.218003596461707	0.218508	0.2227790863
32.9	0	0.09974532	0.1614145488	0.1885822445	0.1988917451	0.2105660358	0.218004128847308	0.218508	0.2228717397
33	0	0.09974532	0.1614145555	0.1885822555	0.1988917555	0.2105660555	0.218004657996875	0.218508	0.2229638293
33.1	0	0.09974532	0.1614145604	0.1885822669	0.1988917655	0.210566076	0.218005088406042	0.218508	0.2230553581
33.2	0	0.09974532	0.1614145637	0.1885822785	0.1988917754	0.2105660971	0.218005494725938	0.218508	0.2231463289
33.3	0	0.09974532	0.1614145657	0.1885822903	0.1988917851	0.2105661185	0.218005877960283	0.218508	0.2232367442
33.4	0	0.09974532	0.1614145664	0.1885823019	0.1988917947	0.21056614	0.218006239112797	0.218508	0.2233266059
33.5	0	0.09974532	0.1614145661	0.1885823131	0.1988918044	0.2105661614	0.21800652	0.218508	0.2234159156
33.6	0	0.09974532	0.1614145649	0.1885823237	0.1988918141	0.2105661822	0.21800678	0.218508	0.223504674
33.7	0	0.09974532	0.1614145631	0.1885823335	0.198891824	0.2105662023	0.218007	0.218508	0.223592881
33.8	0	0.09974532	0.1614145608	0.1885823422	0.1988918341	0.2105662214	0.218007200116549	0.218508	0.2236805349
33.9	0	0.09974532	0.1614145582	0.1885823496	0.1988918446	0.2105662392	0.218007482978934	0.218508	0.2237676326
34	0	0.09974532	0.1614145555	0.1885823555	0.1988918555	0.2105662555	0.218007748778086	0.218508	0.2238541681
34.1	0	0.09974532	0.1614145528	0.1885823597	0.1988918668	0.2105662699	0.218007998517725	0.218508	0.2239401322
34.2	0	0.09974532	0.1614145504	0.1885823624	0.1988918783	0.2105662828	0.21800823320157	0.218508	0.2240255097
34.3	0	0.09974532	0.1614145483	0.1885823638	0.19889189	0.2105662943	0.21800845383334	0.218508	0.2241102773
34.4	0	0.09974532	0.1614145467	0.1885823642	0.1988919015	0.2105663047	0.218008661416755	0.218508	0.2241943978
34.5	0	0.09974532	0.1614145458	0.1885823636	0.1988919126	0.2105663141	0.218008856955535	0.218508	0.2242778111
34.6	0	0.09974532	0.1614145456	0.1885823624	0.1988919231	0.2105663228	0.2180091	0.218508	0.2243604156
34.7	0	0.09974532	0.1614145463	0.1885823608	0.1988919329	0.2105663311	0.2180093	0.218508	0.2244420296
34.8	0	0.09974532	0.1614145481	0.1885823589	0.1988919417	0.2105663391	0.2180095	0.218508	0.2245223009
34.9	0	0.09974532	0.1614145511	0.1885823571	0.1988919493	0.2105663472	0.2180097	0.218508	0.2246004793
35	0	0.09974532	0.1614145555	0.1885823555	0.1988919555	0.2105663555	0.2180099	0.218508	0.2246747234
36	0	0.09974532	0.1614145481	0.1885823589	0.1988919417	0.2105663391	0.2180105	0.218508	0.2255521208
37	0	0.09974532	0.1614145511	0.1885823571	0.1988919493	0.2105663472	0.2180105	0.218508	0.2262980794
38	0	0.09974532	0.1614145555	0.1885823555	0.1988919555	0.2105663555	0.2180105	0.218508	0.22696906
39	0	0.09974532	0.1614145481	0.1885823589	0.1988919417	0.2105663391	0.2180105	0.218508	0.22764376
40	0	0.09974532	0.1614145511	0.1885823571	0.1988919493	0.2105663472	0.2180105	0.218508	0.22828473
41	0	0.09974532	0.1614145555	0.1885823555	0.1988919555	0.2105663555	0.2180105	0.218508	0.22889445
42	0	0.09974532	0.1614145481	0.1885823589	0.1988919417	0.2105663391	0.2180105	0.218508	0.22947513
43	0	0.09974532	0.1614145511	0.1885823571	0.1988919493	0.2105663472	0.2180105	0.218508	0.23002881
44	0	0.09974532	0.1614145555	0.1885823555	0.1988919555	0.2105663555	0.2180105	0.218508	0.23055732
45	0	0.09974532	0.1614145481	0.1885823589	0.1988919417	0.2105663391	0.2180105	0.218508	0.23106235
46	0	0.09974532	0.1614145511	0.1885823571	0.1988919493	0.2105663472	0.2180105	0.218508	0.23154542
47	0	0.09974532	0.1614145555	0.1885823555	0.1988919555	0.2105663555	0.2180105	0.218508	0.23200794
48	0	0.09974532	0.1614145481	0.1885823589	0.1988919417	0.2105663391	0.2180105	0.218508	0.23245118
49	0	0.09974532	0.1614145511	0.1885823571	0.1988919493	0.2105663472	0.2180105	0.218508	0.23287634
50	0	0.09974532	0.1614145555	0.1885823555	0.1988919555	0.2105663555	0.21801	0.218508	0.23328449
51	0	0.09974532	0.1614145481	0.1885823589	0.1988919417	0.2105663391	0.2180105	0.218508	0.23367663
52	0	0.09974532	0.1614145511	0.1885823571	0.1988919493	0.2105663472	0.2180105	0.218508	0.23405369
53	0	0.09974532	0.1614145555	0.1885823555	0.1988919555	0.2105663555	0.2180105	0.218508	0.23441653
54	0	0.09974532	0.1614145481	0.1885823589	0.1988919417	0.2105663391	0.2180105	0.218508	0.23476592
55	0	0.09974532	0.1614145511	0.1885823571	0.1988919493	0.2105663472	0.2180105	0.218508	0.23510261
56	0	0.09974532	0.1614145555	0.1885823555	0.1988919555	0.2105663555	0.2180105	0.218508	0.23542728
57	0	0.09974532	0.1614145481	0.1885823589	0.1988919417	0.2105663391	0.2180105	0.218508	0.23574056
58	0	0.09974532	0.1614145511	0.1885823571	0.1988919493	0.2105663472	0.2180105	0.218508	0.23604303
59	0	0.09974532	0.1614145555	0.1885823555	0.1988919555	0.2105663555	0.2180105	0.218508	0.23633525
60	0	0.09974532	0.1614145481	0.1885823589	0.1988919417	0.2105663391	0.2180105	0.218508	0.23661773
61	0	0.09974532	0.1614145511	0.1885823571	0.1988919493	0.2105663472	0.2180105	0.218508	0.23689095
62	0	0.09974532	0.1614145555	0.1885823555	0.1988919555	0.2105663555	0.2180105	0.218508	0.23715535
63	0	0.09974532	0.1614145481	0.1885823589	0.1988919417	0.2105663391	0.2180105	0.218508	0.23741136
64	0	0.09974532	0.1614145511	0.1885823571	0.1988919493	0.2105663472	0.21801	0.218508	0.23765937
65	0	0.09974532	0.1614145555	0.1885823555	0.1988919555	0.2105663555	0.2180105	0.218508	0.23789975
66	0	0.09974532	0.1614145481	0.1885823589	0.1988919417	0.2105663391	0.2180105	0.218508	0.23813285
67	0	0.09974532	0.1614145511	0.1885823571	0.1988919493	0.2105663472	0.2180105	0.218508	0.23835899
68	0	0.09974532	0.1614145555	0.1885823555	0.1988919555	0.2105663555	0.2180105	0.218508	0.23857847
69	0	0.09974532	0.1614145481	0.1885823589	0.1988919417	0.2105663391	0.2180105	0.218508	0.2387916
70	0	0.09974532	0.1614145511	0.1885823571	0.1988919493	0.2105663472	0.2180105	0.218508	0.23899863
71	0	0.09974532	0.1614145555	0.1885823555	0.1988919555	0.2105663555	0.2180105	0.218508	0.23919984
72	0	0.09974532	0.1614145481	0.1885823589	0.1988919417	0.2105663391	0.2180105	0.218508	0.23939545
73	0	0.09974532	0.1614145511	0.1885823571	0.1988919493	0.2105663472	0.2180105	0.218508	0.23958571
74	0	0.09974532	0.1614145555	0.1885823555	0.1988919555	0.2105663555	0.2180105	0.218508	0.23977082
75	0	0.09974532	0.1614145481	0.1885823589	0.1988919417	0.2105663391	0.2180105	0.218508	0.239951
76	0	0.09974532	0.1614145511	0.1885823571	0.1988919493	0.2105663472	0.2180105	0.218508	0.24012643
77	0	0.09974532	0.1614145555	0.1885823555	0.1988919555	0.2105663555	0.2180105	0.218508	0.24029731
78	0	0.09974532	0.1614145481	0.1885823589	0.1988919417	0.2105663391	0.2180105	0.218508	0.24046381
79	0	0.09974532	0.1614145511	0.1885823571	0.1988919493	0.2105663472	0.2180105	0.218508	0.24062609
80	0	0.09974532	0.1614145555	0.1885823555	0.1988919555	0.2105663555	0.2180105	0.218508	0.24078432
81	0	0.09974532	0.1614145481	0.1885823589	0.1988919417	0.2105663391	0.2180105	0.218508	0.24093864
82	0	0.09974532	0.1614145511	0.1885823571	0.1988919493	0.2105663472	0.2180105	0.218508	0.24108919
83	0	0.09974532	0.1614145555	0.1885823555	0.1988919555	0.2105663555	0.2180105	0.218508	0.24123612
84	0	0.09974532	0.1614145481	0.1885823589	0.1988919417	0.2105663391	0.2180105	0.218508	0.24137955
85	0	0.09974532	0.1614145511	0.1885823571	0.1988919493	0.2105663472	0.2180105	0.218508	0.2415196
86	0	0.09974532	0.1614145555	0.1885823555	0.1988919555	0.2105663555	0.2180105	0.218508	0.2416564
87	0	0.09974532	0.1614145481	0.1885823589	0.1988919417	0.2105663391	0.2180105	0.218508	0.24179005
88	0	0.09974532	0.1614145511	0.1885823571	0.1988919493	0.2105663472	0.21801	0.218508	0.24192067
89	0	0.09974532	0.1614145555	0.1885823555	0.1988919555	0.2105663555	0.2180105	0.218508	0.24204835
90	0	0.09974532	0.1614145481	0.1885823589	0.1988919417	0.2105663391	0.2180105	0.218508	0.24217319
91	0	0.09974532	0.1614145511	0.1885823571	0.1988919493	0.2105663472	0.2180105	0.218508	0.24229529
92	0	0.09974532	0.1614145555	0.1885823555	0.1988919555	0.2105663555	0.2180105	0.218508	0.24241473
93	0	0.09974532	0.1614145481	0.1885823589	0.1988919417	0.2105663391	0.2180105	0.218508	0.24253161
94	0	0.09974532	0.1614145511	0.1885823571	0.1988919493	0.2105663472	0.2180105	0.218508	0.242646
95	0	0.09974532	0.1614145555	0.1885823555	0.1988919555	0.2105663555	0.2180105	0.218508	0.24275798
96	0	0.09974532	0.1614145481	0.1885823589	0.1988919417	0.2105663391	0.2180105	0.218508	0.24286762
97	0	0.09974532	0.1614145511	0.1885823571	0.1988919493	0.2105663472	0.2180105	0.218508	0.24297501
98	0	0.09974532	0.1614145555	0.1885823555	0.1988919555	0.2105663555	0.2180105	0.218508	0.24308021
99	0	0.09974532	0.1614145481	0.1885823589	0.1988919417	0.2105663391	0.2180105	0.218508	0.24318328
100	0	0.09974532	0.1614145511	0.1885823571	0.1988919493	0.2105663472	0.2180105	0.218508	0.24328429
1000	0	0.09974532	0.1614145555	0.1885823555	0.1988919555	0.2105663555	0.2180105	0.218508	0.25326
